❯ i think we should keep this order in mind when it comes to the long list of extracted sprites

❯ the file name goes like this

  1   2   3   4   5   6   7   8   9   10   11   12   13

  0   1   2   3   4   5   6   7   8   9   10   11   12
  13   14   15   16   17   18   19   20   21   22   23   24   25
  26   27   28   29   30   31   32   33   34   35   36   37   38
  39   40   41   42   43   44   45   46   47   48   49   50   51
  52   53   54   55   56   57   58   59   60   61   62   63   64
  65   66   67   68   69   70   71   72   73   74   75   76   77
  78   79   80   81   82   83   84   85   86   87   88   89   90
  91   92   93   94   95   96   97   98   99   100   101   102   103


  and i want then to go like this


  1   2   3   4   5   6   7   8   9   10   11   12   13

  1   0   8   16   24   32   40   48   56   64   72   80   88   96
  2   1   9   17   25   33   41   49   57   65   73   81   89   97
  3   2   10   18   26   34   42   50   58   66   74   82   90   98
  4   3   11   19   27   35   43   51   59   67   75   83   91   99
  5   4   12   20   28   36   44   52   60   68   76   84   92   100
  6   5   13   21   29   37   45   53   61   69   77   85   93   101
  7   6   14   22   30   38   46   54   62   70   78   86   94   102
  8   7   15   23   31   39   47   55   63   71   79   87   95   103


  starting by 001

  1   1   9   17   25   33   41   49   57   65   73   81   89   97
  2   2   10   18   26   34   42   50   58   66   74   82   90   98
  3   3   11   19   27   35   43   51   59   67   75   83   91   99
  4   4   12   20   28   36   44   52   60   68   76   84   92   100
  5   5   13   21   29   37   45   53   61   69   77   85   93   101
  6   6   14   22   30   38   46   54   62   70   78   86   94   102
  7   7   15   23   31   39   47   55   63   71   79   87   95   103
  8   8   16   24   32   40   48   56   64   72   80   88   96   104